world: world
x: 207.31843149260305
y: 64.0
z: -287.3574424839937
yaw: -63.146698
pitch: -21.00001
name: ola
