world: world
x: 159.71740751962062
y: 65.0
z: -287.5491800487507
yaw: -269.3996
pitch: 9.150043
name: spawn
