lastAccountName: Pyxion
timestamps:
  login: 1544449250771
  logout: 1544449682204
ipAddress: 25.34.1.225
lastlocation:
  world: world
  x: 162.5
  y: 80.0
  z: -283.5
  yaw: 0.0
  pitch: 0.0
logoutlocation:
  world: world
  x: 196.27441353876816
  y: 78.0
  z: -389.2002570775104
  yaw: -161.85046
  pitch: 11.249981
