spawns: 
  default: 
    world: world
    x: 161.3661927619615
    y: 65.0
    z: -287.5106387234979
    yaw: -267.1499
    pitch: 10.799996
